WEBMARCS
 MARCS (2011) TEFF/LOGG/[M/H]/XI 5777/4.440/0.000/0.000
NTAU       56
5000.0
   1   1 -4.935e+00   1  4.057e+03  2.040e-02  2.595e+02
   2   2 -4.738e+00   2  4.091e+03  2.630e-02  3.366e+02
   3   3 -4.545e+00   3  4.133e+03  3.406e-02  4.355e+02
   4   4 -4.354e+00   4  4.177e+03  4.409e-02  5.631e+02
   5   5 -4.164e+00   5  4.221e+03  5.705e-02  7.274e+02
   6   6 -3.974e+00   6  4.266e+03  7.375e-02  9.392e+02
   7   7 -3.784e+00   7  4.312e+03  9.523e-02  1.211e+03
   8   8 -3.593e+00   8  4.358e+03  1.229e-01  1.561e+03
   9   9 -3.401e+00   9  4.404e+03  1.584e-01  2.011e+03
  10  10 -3.209e+00  10  4.450e+03  2.039e-01  2.588e+03
  11  11 -3.017e+00  11  4.495e+03  2.622e-01  3.328e+03
  12  12 -2.920e+00  12  4.519e+03  2.973e-01  3.774e+03
  13  13 -2.823e+00  13  4.542e+03  3.370e-01  4.279e+03
  14  14 -2.727e+00  14  4.565e+03  3.819e-01  4.850e+03
  15  15 -2.630e+00  15  4.588e+03  4.326e-01  5.496e+03
  16  16 -2.533e+00  16  4.612e+03  4.900e-01  6.229e+03
  17  17 -2.436e+00  17  4.635e+03  5.550e-01  7.057e+03
  18  18 -2.339e+00  18  4.659e+03  6.286e-01  7.995e+03
  19  19 -2.242e+00  19  4.683e+03  7.118e-01  9.056e+03
  20  20 -2.145e+00  20  4.707e+03  8.062e-01  1.025e+04
  21  21 -2.048e+00  21  4.732e+03  9.135e-01  1.162e+04
  22  22 -1.951e+00  22  4.758e+03  1.036e+00  1.315e+04
  23  23 -1.854e+00  23  4.785e+03  1.174e+00  1.489e+04
  24  24 -1.757e+00  24  4.814e+03  1.334e+00  1.686e+04
  25  25 -1.660e+00  25  4.845e+03  1.516e+00  1.908e+04
  26  26 -1.563e+00  26  4.877e+03  1.726e+00  2.159e+04
  27  27 -1.466e+00  27  4.913e+03  1.970e+00  2.443e+04
  28  28 -1.369e+00  28  4.952e+03  2.254e+00  2.763e+04
  29  29 -1.273e+00  29  4.996e+03  2.587e+00  3.125e+04
  30  30 -1.176e+00  30  5.044e+03  2.980e+00  3.532e+04
  31  31 -1.080e+00  31  5.097e+03  3.451e+00  3.992e+04
  32  32 -9.836e-01  32  5.157e+03  4.020e+00  4.510e+04
  33  33 -8.873e-01  33  5.226e+03  4.724e+00  5.090e+04
  34  34 -7.911e-01  34  5.303e+03  5.612e+00  5.738e+04
  35  35 -6.948e-01  35  5.391e+03  6.768e+00  6.457e+04
  36  36 -5.986e-01  36  5.491e+03  8.335e+00  7.246e+04
  37  37 -5.021e-01  37  5.605e+03  1.054e+01  8.099e+04
  38  38 -4.054e-01  38  5.734e+03  1.381e+01  8.998e+04
  39  39 -3.086e-01  39  5.882e+03  1.885e+01  9.920e+04
  40  40 -2.116e-01  40  6.050e+03  2.691e+01  1.083e+05
  41  41 -1.144e-01  41  6.241e+03  4.018e+01  1.170e+05
  42  42 -1.711e-02  42  6.457e+03  6.262e+01  1.250e+05
  43  43  8.002e-02  43  6.700e+03  1.010e+02  1.321e+05
  44  44  1.766e-01  44  6.988e+03  1.722e+02  1.382e+05
  45  45  2.720e-01  45  7.317e+03  3.033e+02  1.432e+05
  46  46  3.658e-01  46  7.622e+03  4.933e+02  1.473e+05
  47  47  4.584e-01  47  7.881e+03  7.279e+02  1.509e+05
  48  48  5.501e-01  48  8.103e+03  9.978e+02  1.541e+05
  49  49  6.413e-01  49  8.296e+03  1.298e+03  1.574e+05
  50  50  7.324e-01  50  8.469e+03  1.629e+03  1.606e+05
  51  51  8.236e-01  51  8.626e+03  1.993e+03  1.640e+05
  52  52  1.008e+00  52  8.910e+03  2.824e+03  1.713e+05
  53  53  1.193e+00  53  9.175e+03  3.855e+03  1.797e+05
  54  54  1.382e+00  54  9.432e+03  5.147e+03  1.896e+05
  55  55  1.573e+00  55  9.686e+03  6.785e+03  2.016e+05
  56  56  1.766e+00  56  9.943e+03  8.887e+03  2.160e+05
        0.000
NATOMS        0     0.000
NMOL          0
